0.3 мА
-2.58 мВ
0.1 -2.18
0.2 -1.81
0.3 -1.55
0.4 -1.34
0.5 -1.15
0.6 -1.02
0.7 -0.89
0.8 -0.78
0.9 -0.69
1.0 -0.62
1.1 -0.55
1.2 -0.48
1.3 -0.41
1.4 -0.36
1.5 -0.31
1.6 -0.28
1.7 -0.26
1.8 -0.23
0.4 mA
-3.16 mV
0.1 -2.80
0.2 -2.45
0.3 -2.14
0.4 -1.90
0.5 -1.67
0.6 -1.51
0.7 -1.36
0.8 -1.23
0.9 -1.12
1.0 -1.03
1.1 -0.91
1.2 -0.85
1.3 -0.76
1.4 -0.70
1.5 -0.65
1.6 -0.58
1.7 -0.54
1.8 -0.51
0.5 mA
-3.87 mV
0.1 -3.44
0.2 -3.03
0.3 -2.63
0.4 -2.36
0.5 -2.09
0.6 -1.89
0.7 -1.72
0.8 -1.56
0.9 -1.44
1.0 -1.31
1.1 -1.20
1.2 -1.09
1.3 -1.00
1.4 -0.93
1.5 -0.85
1.6 -0.81
1.7 -0.76
1.8 -0.71
0.6 mA
-4.62 mV
0.1 -4.10
0.2 -3.61
0.3 -3.21
0.4 -2.84
0.5 -2.56
0.6 -2.33
0.7 -2.12
0.8 -1.94
0.9 -1.78
1.0 -1.67
1.1 -1.52
1.2 -1.40
1.3 -1.36
1.4 -1.31
1.5 -1.24
1.6 -1.19
1.7 -1.5
1.8 -1.12
0.7 mA
-5.27 mV
0.1 -4.50
0.2 -4.03
0.3 -3.56
0.4 -3.14
0.5 -2.89
0.6 -2.64
0.7 -2.46
0.8 -2.28
0.9 -2.13
1.0 -1.99
1.1 -1.88
1.2 -1.73
1.3 -1.63
1.4 -1.55
1.5 -1.47
1.6 -1.40
1.7 -1.33
1.8 -1.28
0.8 mA
-5.74 mV
0.1 -5.13
0.2 -4.55
0.3 -4.07
0.4 -3.65
0.5 -3.28
0.6 -3.01
0.7 -2.80
0.8 -2.58
0.9 -2.42
1.0 -2.26
1.1 -2.11
1.2 -1.99
1.3 -1.83
1.4 -1.73
1.5 -1.62
1.6 -1.54
1.7 -1.47
1.8 -1.39
0.85 mA swap
-6.53 mV
0.1 -7.22
0.2 -7.91
0.3 -8.55
0.4 -9.16
0.5 -9.67
0.6 -10.11
0.7 -10.51
0.8 -10.89
0.9 -11.08
1.0 -11.40
1.1 -11.71
1.2 -11.96
1.3 -12.97
1.4 -13.12
1.5 -13.21
1.6 -13.32
1.7 -13.37
1.8 -13.40