26200 1.64327485380117
26360 1.65497076023392
26400 1.65882352941176
26700 1.7289156626506
27000 1.74096385542169
27200 1.75757575757576
27300 1.76969696969697
27400 1.78787878787879
27500 1.81818181818182
27580 1.84848484848485
27700 1.9375
27750 2.03125
27800 2.0625
27850 2.06875
27950 2.125
28050 2.21875
28150 2.25
28250 2.2875
28350 2.3125
28450 2.325
28550 2.37974683544304
28650 2.4203821656051
28750 2.45161290322581
28850 2.5
28950 2.52980132450331
29050 2.52317880794702
